334.0
356.0
358.0
352.0
361.0
378.0
364.0
346.0
349.0
361.0
340.0
325.0
331.0
341.0
324.0
318.0
329.0
336.0
318.0
315.0
331.0
331.0
314.0
321.0
353.0
378.0
404.0
467.0
580.0
638.0
621.0
558.0
490.0
406.0
355.0
342.0
348.0
333.0
325.0
334.0
344.0
329.0
324.0
337.0
341.0
326.0
327.0
346.0
345.0
330.0
333.0
351.0
347.0
332.0
338.0
359.0
351.0
339.0
347.0
362.0
351.0
343.0
355.0
370.0
357.0
352.0
363.0
373.0
359.0
356.0
371.0
373.0
358.0
357.0
374.0
372.0
356.0
358.0
375.0
368.0
352.0
356.0
371.0
359.0
345.0
351.0
364.0
350.0
339.0
348.0
357.0
342.0
337.0
351.0
358.0
342.0
340.0
355.0
356.0
340.0
342.0
361.0
359.0
344.0
347.0
364.0
356.0
343.0
351.0
368.0
355.0
343.0
352.0
365.0
352.0
343.0
353.0
363.0
348.0
342.0
354.0
358.0
342.0
342.0
357.0
355.0
338.0
340.0
357.0
350.0
335.0
340.0
358.0
349.0
334.0
340.0
356.0
346.0
333.0
339.0
353.0
338.0
332.0
346.0
353.0
337.0
333.0
347.0
350.0
334.0
334.0
351.0
349.0
334.0
343.0
367.0
365.0
351.0
359.0
385.0
384.0
375.0
378.0
388.0
370.0
357.0
361.0
368.0
346.0
335.0
344.0
347.0
328.0
324.0
341.0
342.0
326.0
325.0
341.0
335.0
325.0
344.0
393.0
437.0
491.0
600.0
645.0
643.0
571.0
475.0
416.0
366.0
338.0
342.0
349.0
330.0
323.0
334.0
339.0
321.0
317.0
332.0
333.0
318.0
321.0
338.0
334.0
320.0
323.0
341.0
332.0
319.0
327.0
343.0
333.0
323.0
334.0
347.0
333.0
327.0
340.0
349.0
334.0
334.0
349.0
353.0
336.0
336.0
352.0
349.0
332.0
335.0
351.0
344.0
327.0
331.0
345.0
334.0
322.0
327.0
339.0
322.0
310.0
320.0
329.0
312.0
303.0
314.0
320.0
304.0
302.0
316.0
317.0
302.0
303.0
320.0
317.0
301.0
305.0
325.0
316.0
301.0
307.0
326.0
315.0
301.0
308.0
323.0
310.0
301.0
311.0
320.0
304.0
298.0
310.0
315.0
298.0
295.0
312.0
312.0
294.0
295.0
311.0
306.0
289.0
293.0
311.0
302.0
286.0
302.0
309.0
298.0
286.0
295.0
309.0
293.0
283.0
294.0
303.0
288.0
285.0
299.0
301.0
287.0
287.0
302.0
301.0
284.0
286.0
303.0
298.0
283.0
287.0
307.0
303.0
295.0
309.0
324.0
312.0
309.0
318.0
347.0
333.0
324.0
331.0
334.0
311.0
303.0
311.0
308.0
288.0
287.0
301.0
296.0
278.0
282.0
299.0
291.0
276.0
281.0
299.0
299.0
311.0
361.0
439.0
517.0
605.0
637.0
593.0
479.0
380.0
344.0
324.0
297.0
293.0
307.0
305.0
286.0
285.0
304.0
299.0
283.0
287.0
306.0
298.0
285.0
291.0
311.0
300.0
289.0
298.0
313.0
299.0
295.0
308.0
319.0
302.0
298.0
316.0
323.0
307.0
308.0
325.0
328.0
311.0
315.0
336.0
332.0
318.0
321.0
340.0
329.0
313.0
318.0
336.0
324.0
313.0
319.0
331.0
317.0
307.0
316.0
321.0
303.0
299.0
314.0
316.0
297.0
295.0
314.0
310.0
295.0
298.0
319.0
313.0
299.0
304.0
321.0
313.0
301.0
308.0
322.0
309.0
302.0
313.0
324.0
308.0
303.0
317.0
322.0
305.0
305.0
322.0
322.0
304.0
304.0
321.0
316.0
298.0
303.0
322.0
312.0
297.0
305.0
322.0
310.0
300.0
308.0
321.0
305.0
297.0
311.0
321.0
304.0
299.0
312.0
317.0
300.0
300.0
316.0
316.0
299.0
300.0
320.0
316.0
302.0
311.0
335.0
331.0
319.0
327.0
350.0
348.0
346.0
355.0
364.0
344.0
334.0
341.0
342.0
318.0
310.0
322.0
320.0
303.0
303.0
320.0
317.0
301.0
304.0
320.0
310.0
296.0
311.0
351.0
380.0
431.0
525.0
637.0
642.0
592.0
504.0
418.0
353.0
326.0
330.0
334.0
315.0
309.0
324.0
324.0
308.0
307.0
324.0
322.0
306.0
311.0
330.0
323.0
309.0
316.0
334.0
323.0
313.0
322.0
337.0
325.0
318.0
331.0
342.0
328.0
325.0
342.0
347.0
331.0
333.0
350.0
351.0
334.0
335.0
354.0
349.0
332.0
335.0
352.0
342.0
326.0
333.0
349.0
337.0
326.0
332.0
344.0
329.0
318.0
325.0
334.0
316.0
311.0
323.0
325.0
308.0
309.0
327.0
325.0
308.0
311.0
330.0
325.0
310.0
316.0
333.0
323.0
311.0
321.0
337.0
323.0
313.0
322.0
335.0
318.0
311.0
323.0
329.0
313.0
310.0
324.0
325.0
308.0
309.0
327.0
320.0
302.0
305.0
324.0
317.0
302.0
309.0
326.0
316.0
302.0
310.0
324.0
309.0
300.0
309.0
320.0
305.0
300.0
311.0
315.0
302.0
305.0
328.0
333.0
317.0
319.0
341.0
347.0
341.0
346.0
361.0
349.0
329.0
330.0
342.0
325.0
307.0
313.0
323.0
306.0
297.0
308.0
316.0
301.0
296.0
310.0
313.0
295.0
301.0
337.0
372.0
405.0
477.0
596.0
635.0
590.0
514.0
439.0
372.0
327.0
318.0
329.0
314.0
300.0
309.0
319.0
303.0
297.0
311.0
318.0
300.0
298.0
316.0
318.0
302.0
305.0
322.0
319.0
303.0
309.0
329.0
322.0
304.0
311.0
333.0
324.0
312.0
320.0
337.0
325.0
317.0
329.0
340.0
325.0
318.0
329.0
334.0
317.0
314.0
332.0
334.0
317.0
317.0
335.0
331.0
316.0
319.0
336.0
327.0
311.0
315.0
329.0
317.0
306.0
315.0
327.0
312.0
305.0
319.0
328.0
311.0
306.0
323.0
329.0
313.0
313.0
329.0
327.0
312.0
315.0
335.0
330.0
313.0
316.0
336.0
327.0
313.0
318.0
334.0
322.0
311.0
322.0
333.0
318.0
310.0
321.0
328.0
313.0
310.0
326.0
328.0
310.0
309.0
328.0
326.0
313.0
311.0
327.0
321.0
308.0
313.0
331.0
323.0
315.0
327.0
347.0
336.0
329.0
346.0
365.0
357.0
353.0
365.0
365.0
344.0
337.0
348.0
342.0
320.0
318.0
332.0
328.0
312.0
315.0
332.0
323.0
309.0
314.0
328.0
316.0
313.0
342.0
392.0
431.0
497.0
614.0
644.0
620.0
530.0
449.0
396.0
347.0
331.0
342.0
340.0
320.0
320.0
336.0
329.0
313.0
320.0
338.0
328.0
315.0
322.0
340.0
330.0
319.0
328.0
341.0
329.0
324.0
338.0
345.0
330.0
328.0
344.0
347.0
331.0
333.0
351.0
350.0
336.0
341.0
357.0
349.0
334.0
339.0
355.0
344.0
330.0
338.0
351.0
339.0
332.0
343.0
354.0
339.0
333.0
346.0
350.0
333.0
330.0
344.0
344.0
328.0
329.0
347.0
342.0
325.0
330.0
349.0
344.0
329.0
336.0
354.0
341.0
331.0
341.0
355.0
341.0
333.0
341.0
352.0
337.0
333.0
347.0
350.0
334.0
333.0
350.0
347.0
330.0
333.0
348.0
343.0
327.0
332.0
349.0
340.0
325.0
330.0
346.0
334.0
324.0
331.0
345.0
330.0
322.0
332.0
341.0
327.0
324.0
339.0
341.0
327.0
333.0
355.0
355.0
337.0
345.0
370.0
373.0
364.0
368.0
382.0
365.0
347.0
348.0
355.0
337.0
323.0
330.0
338.0
321.0
315.0
326.0
332.0
316.0
315.0
328.0
324.0
310.0
324.0
368.0
413.0
466.0
568.0
644.0
643.0
581.0
482.0
416.0
365.0
333.0
332.0
341.0
326.0
316.0
324.0
332.0
316.0
312.0
324.0
328.0
314.0
311.0
326.0
327.0
313.0
316.0
334.0
330.0
315.0
319.0
337.0
331.0
319.0
326.0
341.0
331.0
322.0
332.0
345.0
333.0
325.0
335.0
344.0
327.0
323.0
336.0
338.0
320.0
319.0
333.0
332.0
318.0
320.0
337.0
332.0
315.0
319.0
333.0
325.0
310.0
316.0
328.0
315.0
302.0
311.0
323.0
309.0
303.0
317.0
322.0
307.0
308.0
323.0
325.0
