273.0
278.0
296.0
288.0
271.0
279.0
297.0
285.0
273.0
282.0
299.0
286.0
280.0
293.0
302.0
285.0
283.0
299.0
300.0
282.0
283.0
303.0
301.0
281.0
284.0
303.0
295.0
278.0
286.0
302.0
290.0
277.0
287.0
302.0
287.0
277.0
290.0
300.0
284.0
279.0
294.0
304.0
292.0
296.0
317.0
321.0
307.0
317.0
344.0
344.0
329.0
331.0
347.0
333.0
307.0
305.0
318.0
301.0
282.0
290.0
301.0
285.0
274.0
287.0
297.0
279.0
272.0
287.0
291.0
276.0
289.0
339.0
387.0
438.0
538.0
621.0
597.0
498.0
407.0
364.0
323.0
289.0
291.0
308.0
294.0
281.0
292.0
304.0
286.0
277.0
293.0
301.0
284.0
282.0
301.0
305.0
287.0
289.0
309.0
310.0
291.0
294.0
314.0
311.0
296.0
301.0
321.0
311.0
297.0
308.0
325.0
312.0
299.0
310.0
322.0
306.0
297.0
313.0
319.0
300.0
297.0
315.0
317.0
295.0
296.0
315.0
312.0
295.0
300.0
318.0
308.0
290.0
296.0
310.0
300.0
288.0
299.0
310.0
294.0
288.0
303.0
310.0
294.0
290.0
308.0
313.0
296.0
294.0
312.0
312.0
294.0
297.0
314.0
307.0
290.0
299.0
315.0
305.0
288.0
296.0
314.0
300.0
284.0
295.0
310.0
294.0
283.0
297.0
306.0
289.0
289.0
313.0
320.0
304.0
306.0
335.0
344.0
330.0
336.0
357.0
348.0
323.0
325.0
333.0
312.0
292.0
297.0
309.0
294.0
279.0
289.0
301.0
284.0
279.0
294.0
300.0
280.0
277.0
302.0
324.0
342.0
397.0
493.0
586.0
596.0
556.0
492.0
397.0
335.0
312.0
317.0
301.0
289.0
299.0
310.0
295.0
288.0
301.0
310.0
291.0
289.0
308.0
315.0
297.0
297.0
319.0
319.0
303.0
306.0
326.0
322.0
305.0
312.0
331.0
322.0
311.0
321.0
337.0
323.0
313.0
325.0
337.0
321.0
313.0
328.0
333.0
315.0
312.0
327.0
329.0
313.0
317.0
339.0
338.0
319.0
322.0
344.0
337.0
319.0
324.0
342.0
329.0
315.0
319.0
343.0
331.0
319.0
333.0
346.0
330.0
322.0
341.0
349.0
333.0
330.0
349.0
350.0
331.0
334.0
353.0
351.0
332.0
338.0
357.0
350.0
333.0
339.0
357.0
344.0
330.0
341.0
355.0
341.0
331.0
343.0
352.0
333.0
329.0
348.0
353.0
335.0
337.0
362.0
365.0
348.0
355.0
382.0
386.0
374.0
383.0
407.0
399.0
381.0
387.0
396.0
372.0
349.0
354.0
362.0
345.0
334.0
348.0
354.0
333.0
331.0
349.0
351.0
331.0
329.0
350.0
358.0
365.0
413.0
495.0
578.0
641.0
644.0
623.0
518.0
421.0
386.0
378.0
353.0
342.0
352.0
362.0
342.0
335.0
352.0
358.0
338.0
335.0
353.0
356.0
339.0
341.0
360.0
356.0
341.0
349.0
371.0
362.0
346.0
354.0
373.0
363.0
352.0
362.0
372.0
359.0
353.0
368.0
376.0
359.0
354.0
367.0
368.0
350.0
351.0
367.0
364.0
345.0
351.0
369.0
363.0
347.0
354.0
373.0
363.0
349.0
356.0
369.0
353.0
341.0
353.0
363.0
348.0
341.0
354.0
359.0
343.0
342.0
361.0
362.0
345.0
347.0
366.0
363.0
343.0
350.0
370.0
362.0
345.0
352.0
370.0
359.0
344.0
354.0
368.0
353.0
340.0
351.0
362.0
343.0
337.0
351.0
355.0
337.0
336.0
350.0
348.0
332.0
334.0
351.0
346.0
328.0
331.0
350.0
344.0
329.0
340.0
361.0
354.0
343.0
355.0
379.0
372.0
369.0
384.0
394.0
372.0
358.0
366.0
361.0
335.0
329.0
342.0
338.0
318.0
318.0
334.0
327.0
308.0
312.0
329.0
318.0
300.0
309.0
336.0
349.0
382.0
461.0
566.0
638.0
639.0
590.0
497.0
390.0
344.0
338.0
331.0
314.0
312.0
327.0
323.0
304.0
307.0
321.0
313.0
297.0
307.0
325.0
314.0
300.0
309.0
328.0
315.0
305.0
317.0
326.0
310.0
307.0
324.0
330.0
312.0
311.0
331.0
333.0
315.0
316.0
334.0
328.0
310.0
319.0
335.0
325.0
307.0
313.0
330.0
317.0
304.0
315.0
329.0
314.0
305.0
316.0
321.0
304.0
301.0
313.0
312.0
292.0
292.0
309.0
308.0
287.0
290.0
310.0
304.0
287.0
293.0
313.0
304.0
289.0
299.0
316.0
305.0
292.0
304.0
317.0
300.0
293.0
304.0
312.0
294.0
292.0
308.0
309.0
290.0
290.0
307.0
303.0
286.0
287.0
306.0
300.0
282.0
288.0
305.0
292.0
277.0
287.0
302.0
287.0
278.0
290.0
297.0
282.0
274.0
288.0
295.0
277.0
276.0
294.0
294.0
275.0
278.0
295.0
291.0
275.0
281.0
299.0
290.0
274.0
283.0
301.0
290.0
280.0
295.0
315.0
303.0
295.0
311.0
328.0
323.0
322.0
337.0
335.0
312.0
308.0
319.0
312.0
287.0
287.0
305.0
299.0
277.0
282.0
301.0
293.0
277.0
289.0
299.0
282.0
275.0
302.0
344.0
381.0
446.0
563.0
634.0
599.0
511.0
427.0
359.0
312.0
299.0
313.0
309.0
288.0
291.0
309.0
301.0
286.0
293.0
311.0
301.0
288.0
297.0
312.0
299.0
291.0
306.0
316.0
302.0
298.0
312.0
317.0
303.0
306.0
325.0
325.0
308.0
311.0
332.0
330.0
314.0
321.0
339.0
330.0
316.0
325.0
341.0
329.0
314.0
325.0
339.0
325.0
316.0
329.0
337.0
318.0
313.0
329.0
331.0
311.0
308.0
325.0
323.0
302.0
304.0
322.0
315.0
298.0
306.0
326.0
316.0
303.0
312.0
330.0
318.0
307.0
319.0
332.0
318.0
312.0
324.0
330.0
316.0
314.0
328.0
329.0
313.0
316.0
333.0
329.0
311.0
314.0
330.0
323.0
307.0
312.0
330.0
319.0
307.0
316.0
327.0
312.0
304.0
316.0
323.0
306.0
300.0
316.0
323.0
303.0
300.0
316.0
317.0
300.0
301.0
320.0
316.0
298.0
301.0
321.0
312.0
298.0
306.0
323.0
311.0
298.0
309.0
319.0
304.0
298.0
311.0
317.0
301.0
297.0
314.0
319.0
300.0
301.0
318.0
317.0
300.0
302.0
321.0
315.0
298.0
305.0
324.0
312.0
297.0
304.0
323.0
310.0
298.0
310.0
324.0
308.0
303.0
317.0
322.0
304.0
302.0
319.0
320.0
303.0
305.0
324.0
320.0
302.0
307.0
325.0
318.0
303.0
312.0
331.0
326.0
317.0
332.0
347.0
339.0
335.0
356.0
367.0
352.0
346.0
358.0
359.0
334.0
323.0
337.0
332.0
310.0
310.0
330.0
323.0
302.0
307.0
327.0
317.0
300.0
306.0
320.0
317.0
324.0
369.0
438.0
495.0
579.0
630.0
603.0
503.0
407.0
366.0
343.0
313.0
309.0
329.0
328.0
308.0
310.0
331.0
324.0
305.0
312.0
333.0
322.0
304.0
317.0
337.0
326.0
313.0
323.0
338.0
324.0
318.0
335.0
345.0
327.0
326.0
345.0
348.0
330.0
333.0
355.0
352.0
335.0
341.0
359.0
349.0
334.0
344.0
360.0
347.0
333.0
342.0
357.0
342.0
332.0
347.0
355.0
335.0
329.0
345.0
350.0
329.0
324.0
342.0
340.0
317.0
319.0
340.0
335.0
317.0
321.0
339.0
330.0
314.0
321.0
342.0
331.0
320.0
331.0
343.0
329.0
321.0
334.0
342.0
328.0
324.0
342.0
345.0
327.0
325.0
344.0
341.0
323.0
326.0
343.0
336.0
317.0
322.0
343.0
334.0
316.0
325.0
339.0
325.0
314.0
326.0
337.0
320.0
314.0
329.0
335.0
319.0
316.0
332.0
333.0
314.0
315.0
335.0
330.0
313.0
317.0
337.0
328.0
312.0
319.0
336.0
326.0
313.0
323.0
338.0
324.0
313.0
327.0
336.0
319.0
315.0
331.0
335.0
316.0
314.0
332.0
332.0
314.0
317.0
337.0
332.0
315.0
322.0
342.0
330.0
315.0
324.0
345.0
336.0
327.0
341.0
357.0
346.0
344.0
368.0
382.0
362.0
355.0
369.0
367.0
341.0
335.0
348.0
341.0
317.0
318.0
336.0
