329.0
309.0
313.0
332.0
321.0
304.0
313.0
328.0
320.0
324.0
370.0
435.0
492.0
585.0
641.0
625.0
524.0
425.0
379.0
350.0
319.0
317.0
336.0
333.0
315.0
317.0
331.0
323.0
309.0
317.0
334.0
322.0
310.0
321.0
337.0
324.0
317.0
330.0
338.0
323.0
320.0
337.0
342.0
324.0
325.0
345.0
346.0
329.0
334.0
356.0
353.0
337.0
345.0
363.0
354.0
339.0
347.0
363.0
350.0
337.0
348.0
362.0
346.0
336.0
348.0
353.0
334.0
328.0
344.0
345.0
323.0
320.0
337.0
334.0
313.0
313.0
333.0
327.0
309.0
313.0
334.0
324.0
308.0
319.0
333.0
319.0
312.0
324.0
336.0
322.0
315.0
331.0
338.0
319.0
317.0
336.0
337.0
318.0
318.0
337.0
332.0
314.0
316.0
338.0
330.0
311.0
316.0
333.0
319.0
309.0
318.0
335.0
319.0
308.0
319.0
331.0
314.0
309.0
323.0
329.0
310.0
305.0
326.0
326.0
306.0
308.0
327.0
321.0
303.0
307.0
328.0
319.0
305.0
312.0
328.0
315.0
303.0
312.0
327.0
311.0
304.0
317.0
324.0
307.0
303.0
321.0
323.0
303.0
303.0
324.0
322.0
304.0
305.0
324.0
315.0
301.0
308.0
326.0
315.0
301.0
310.0
327.0
317.0
310.0
327.0
343.0
328.0
324.0
348.0
363.0
348.0
344.0
357.0
354.0
331.0
329.0
340.0
329.0
306.0
310.0
328.0
318.0
301.0
307.0
326.0
316.0
300.0
308.0
318.0
310.0
321.0
373.0
444.0
509.0
603.0
643.0
616.0
503.0
404.0
366.0
339.0
314.0
315.0
331.0
322.0
301.0
305.0
324.0
318.0
301.0
309.0
324.0
312.0
302.0
315.0
329.0
315.0
309.0
324.0
333.0
316.0
313.0
333.0
338.0
318.0
318.0
337.0
339.0
326.0
333.0
352.0
345.0
331.0
340.0
362.0
354.0
337.0
347.0
364.0
350.0
338.0
349.0
362.0
345.0
334.0
348.0
353.0
332.0
327.0
339.0
336.0
315.0
315.0
332.0
326.0
306.0
310.0
327.0
319.0
304.0
311.0
328.0
319.0
305.0
315.0
329.0
316.0
307.0
321.0
331.0
316.0
310.0
327.0
332.0
314.0
311.0
332.0
333.0
315.0
316.0
334.0
330.0
311.0
315.0
333.0
325.0
307.0
313.0
332.0
319.0
307.0
317.0
327.0
313.0
306.0
319.0
324.0
307.0
305.0
321.0
322.0
305.0
306.0
324.0
321.0
301.0
304.0
325.0
319.0
300.0
308.0
326.0
317.0
304.0
314.0
326.0
313.0
304.0
314.0
324.0
310.0
304.0
320.0
326.0
310.0
308.0
326.0
328.0
309.0
312.0
331.0
328.0
317.0
328.0
349.0
340.0
329.0
345.0
370.0
360.0
346.0
355.0
363.0
340.0
327.0
334.0
337.0
317.0
311.0
326.0
329.0
310.0
310.0
327.0
325.0
305.0
307.0
326.0
333.0
342.0
392.0
473.0
552.0
622.0
637.0
589.0
480.0
386.0
356.0
347.0
325.0
315.0
328.0
336.0
318.0
312.0
326.0
329.0
312.0
314.0
333.0
331.0
313.0
318.0
337.0
330.0
315.0
326.0
345.0
335.0
319.0
329.0
348.0
338.0
329.0
341.0
352.0
341.0
339.0
356.0
362.0
345.0
345.0
365.0
366.0
348.0
350.0
367.0
363.0
346.0
351.0
368.0
361.0
342.0
346.0
364.0
350.0
332.0
338.0
348.0
333.0
323.0
333.0
339.0
321.0
317.0
332.0
335.0
319.0
320.0
339.0
337.0
319.0
323.0
342.0
336.0
318.0
325.0
345.0
334.0
320.0
326.0
344.0
330.0
319.0
331.0
345.0
327.0
320.0
334.0
340.0
321.0
318.0
335.0
337.0
319.0
317.0
335.0
332.0
315.0
317.0
338.0
328.0
308.0
313.0
332.0
319.0
305.0
314.0
324.0
309.0
300.0
313.0
323.0
306.0
298.0
313.0
319.0
298.0
296.0
315.0
317.0
297.0
297.0
319.0
311.0
293.0
297.0
313.0
303.0
287.0
297.0
319.0
310.0
298.0
310.0
329.0
325.0
320.0
334.0
344.0
329.0
319.0
327.0
323.0
301.0
293.0
306.0
303.0
281.0
279.0
297.0
294.0
275.0
280.0
296.0
285.0
270.0
289.0
325.0
352.0
389.0
472.0
578.0
596.0
548.0
479.0
401.0
329.0
292.0
297.0
295.0
276.0
276.0
293.0
289.0
274.0
275.0
291.0
282.0
265.0
274.0
295.0
285.0
271.0
277.0
293.0
284.0
274.0
287.0
303.0
286.0
280.0
292.0
301.0
285.0
283.0
301.0
303.0
287.0
294.0
315.0
306.0
290.0
296.0
316.0
305.0
288.0
294.0
310.0
296.0
285.0
295.0
311.0
295.0
286.0
300.0
303.0
282.0
277.0
295.0
294.0
274.0
273.0
291.0
288.0
265.0
270.0
291.0
286.0
266.0
271.0
295.0
289.0
273.0
279.0
299.0
290.0
277.0
285.0
299.0
283.0
277.0
293.0
297.0
281.0
280.0
299.0
301.0
281.0
278.0
300.0
300.0
280.0
282.0
301.0
296.0
283.0
288.0
303.0
293.0
280.0
289.0
303.0
290.0
278.0
292.0
304.0
287.0
283.0
298.0
303.0
285.0
285.0
304.0
305.0
286.0
291.0
312.0
310.0
296.0
307.0
332.0
327.0
320.0
335.0
358.0
344.0
327.0
334.0
344.0
323.0
310.0
320.0
321.0
302.0
297.0
312.0
312.0
294.0
296.0
314.0
311.0
292.0
296.0
323.0
335.0
357.0
411.0
496.0
586.0
621.0
613.0
556.0
453.0
376.0
349.0
338.0
317.0
308.0
322.0
330.0
311.0
306.0
323.0
324.0
307.0
310.0
328.0
327.0
309.0
313.0
337.0
330.0
313.0
322.0
341.0
331.0
319.0
330.0
346.0
336.0
324.0
345.0
351.0
337.0
331.0
348.0
354.0
337.0
339.0
356.0
354.0
335.0
337.0
358.0
354.0
336.0
341.0
360.0
353.0
337.0
345.0
361.0
348.0
335.0
343.0
357.0
341.0
331.0
343.0
350.0
333.0
330.0
347.0
352.0
333.0
335.0
353.0
353.0
336.0
341.0
359.0
354.0
337.0
344.0
363.0
356.0
336.0
347.0
366.0
353.0
341.0
351.0
364.0
349.0
342.0
356.0
361.0
342.0
340.0
357.0
360.0
343.0
343.0
360.0
356.0
339.0
342.0
359.0
353.0
337.0
346.0
365.0
354.0
340.0
350.0
363.0
348.0
338.0
355.0
361.0
344.0
337.0
354.0
365.0
352.0
356.0
378.0
379.0
367.0
379.0
406.0
403.0
383.0
382.0
394.0
380.0
359.0
361.0
372.0
358.0
342.0
351.0
362.0
345.0
336.0
350.0
360.0
342.0
332.0
349.0
367.0
375.0
418.0
506.0
599.0
644.0
646.0
644.0
568.0
450.0
403.0
391.0
370.0
349.0
353.0
365.0
350.0
337.0
348.0
357.0
341.0
335.0
350.0
356.0
341.0
338.0
356.0
358.0
340.0
342.0
361.0
361.0
343.0
347.0
366.0
362.0
346.0
351.0
371.0
364.0
351.0
362.0
379.0
365.0
356.0
369.0
380.0
362.0
355.0
372.0
379.0
359.0
356.0
373.0
373.0
352.0
350.0
368.0
364.0
344.0
343.0
361.0
352.0
333.0
341.0
354.0
343.0
328.0
337.0
353.0
338.0
329.0
342.0
349.0
332.0
330.0
346.0
351.0
335.0
334.0
351.0
349.0
331.0
334.0
352.0
345.0
330.0
335.0
350.0
341.0
328.0
337.0
350.0
337.0
324.0
333.0
344.0
329.0
321.0
335.0
340.0
321.0
318.0
336.0
339.0
321.0
320.0
337.0
334.0
315.0
318.0
337.0
332.0
321.0
333.0
354.0
344.0
332.0
348.0
372.0
368.0
360.0
367.0
371.0
349.0
336.0
344.0
342.0
319.0
314.0
330.0
328.0
310.0
313.0
329.0
323.0
305.0
310.0
325.0
315.0
310.0
342.0
404.0
461.0
539.0
641.0
645.0
612.0
500.0
417.0
376.0
337.0
324.0
334.0
334.0
317.0
317.0
331.0
329.0
310.0
312.0
332.0
328.0
310.0
316.0
333.0
325.0
315.0
325.0
340.0
327.0
315.0
328.0
343.0
330.0
322.0
337.0
345.0
332.0
331.0
346.0
350.0
337.0
339.0
359.0
356.0
340.0
344.0
