307.0
309.0
327.0
327.0
310.0
311.0
328.0
323.0
307.0
312.0
328.0
318.0
305.0
301.0
322.0
310.0
302.0
313.0
320.0
304.0
301.0
314.0
318.0
300.0
299.0
313.0
310.0
296.0
300.0
314.0
309.0
292.0
294.0
311.0
306.0
291.0
297.0
311.0
301.0
289.0
300.0
313.0
305.0
301.0
318.0
329.0
316.0
317.0
341.0
352.0
336.0
332.0
345.0
337.0
314.0
311.0
321.0
311.0
292.0
295.0
310.0
298.0
283.0
290.0
306.0
293.0
279.0
290.0
301.0
295.0
307.0
355.0
421.0
487.0
588.0
639.0
602.0
492.0
395.0
357.0
327.0
299.0
298.0
313.0
306.0
290.0
294.0
310.0
300.0
286.0
293.0
309.0
298.0
288.0
301.0
312.0
297.0
292.0
308.0
316.0
301.0
300.0
316.0
317.0
303.0
305.0
322.0
322.0
308.0
314.0
332.0
324.0
312.0
319.0
333.0
321.0
310.0
319.0
330.0
316.0
307.0
317.0
322.0
309.0
308.0
322.0
324.0
307.0
306.0
320.0
317.0
301.0
302.0
315.0
308.0
295.0
302.0
315.0
305.0
295.0
304.0
319.0
308.0
300.0
309.0
320.0
309.0
304.0
317.0
322.0
308.0
305.0
321.0
322.0
307.0
310.0
324.0
319.0
305.0
309.0
325.0
317.0
302.0
308.0
323.0
313.0
300.0
309.0
319.0
307.0
300.0
310.0
318.0
302.0
298.0
311.0
314.0
301.0
301.0
314.0
314.0
298.0
300.0
314.0
310.0
295.0
301.0
320.0
317.0
309.0
321.0
337.0
328.0
321.0
339.0
361.0
349.0
337.0
344.0
347.0
326.0
315.0
323.0
321.0
301.0
298.0
312.0
312.0
294.0
295.0
311.0
306.0
290.0
294.0
310.0
311.0
319.0
366.0
442.0
516.0
601.0
632.0
591.0
484.0
386.0
349.0
333.0
308.0
304.0
317.0
316.0
298.0
297.0
312.0
310.0
294.0
298.0
314.0
310.0
295.0
300.0
317.0
309.0
299.0
307.0
319.0
309.0
302.0
315.0
322.0
310.0
305.0
322.0
328.0
314.0
313.0
328.0
329.0
314.0
315.0
333.0
326.0
311.0
315.0
328.0
319.0
305.0
312.0
328.0
319.0
307.0
317.0
326.0
313.0
305.0
316.0
322.0
305.0
298.0
313.0
315.0
300.0
300.0
317.0
315.0
300.0
304.0
320.0
317.0
304.0
308.0
325.0
319.0
305.0
313.0
330.0
318.0
308.0
319.0
331.0
317.0
310.0
322.0
328.0
312.0
306.0
321.0
324.0
307.0
307.0
322.0
321.0
303.0
306.0
325.0
320.0
304.0
309.0
327.0
317.0
302.0
310.0
324.0
313.0
302.0
312.0
321.0
307.0
303.0
316.0
318.0
304.0
305.0
321.0
325.0
315.0
323.0
338.0
337.0
331.0
345.0
365.0
357.0
342.0
345.0
355.0
338.0
317.0
319.0
331.0
317.0
306.0
315.0
319.0
303.0
301.0
316.0
319.0
300.0
298.0
316.0
326.0
335.0
377.0
448.0
527.0
599.0
616.0
573.0
481.0
388.0
353.0
342.0
321.0
307.0
315.0
323.0
309.0
303.0
313.0
320.0
304.0
300.0
316.0
322.0
306.0
305.0
325.0
325.0
311.0
314.0
329.0
325.0
310.0
316.0
334.0
326.0
316.0
326.0
340.0
327.0
319.0
330.0
341.0
327.0
322.0
335.0
337.0
321.0
320.0
334.0
334.0
318.0
319.0
335.0
331.0
316.0
322.0
341.0
333.0
317.0
324.0
339.0
327.0
313.0
322.0
333.0
319.0
311.0
324.0
331.0
318.0
317.0
331.0
338.0
321.0
321.0
340.0
340.0
324.0
325.0
342.0
340.0
325.0
331.0
347.0
338.0
325.0
330.0
344.0
334.0
321.0
329.0
343.0
332.0
323.0
333.0
341.0
326.0
320.0
335.0
339.0
321.0
320.0
337.0
336.0
319.0
321.0
339.0
333.0
317.0
322.0
337.0
330.0
315.0
323.0
339.0
328.0
318.0
332.0
349.0
340.0
337.0
351.0
360.0
352.0
360.0
379.0
378.0
358.0
355.0
367.0
359.0
336.0
334.0
346.0
335.0
318.0
323.0
338.0
329.0
315.0
325.0
338.0
323.0
312.0
328.0
355.0
373.0
416.0
496.0
604.0
642.0
634.0
572.0
475.0
390.0
357.0
356.0
346.0
328.0
330.0
344.0
334.0
318.0
323.0
340.0
331.0
318.0
327.0
342.0
331.0
323.0
335.0
345.0
331.0
327.0
342.0
347.0
331.0
333.0
349.0
351.0
334.0
338.0
356.0
352.0
337.0
342.0
359.0
351.0
335.0
341.0
356.0
347.0
333.0
341.0
351.0
339.0
332.0
345.0
353.0
336.0
334.0
349.0
350.0
333.0
330.0
346.0
344.0
328.0
330.0
346.0
340.0
324.0
328.0
345.0
338.0
325.0
334.0
349.0
337.0
328.0
340.0
349.0
335.0
331.0
344.0
347.0
332.0
333.0
348.0
345.0
330.0
332.0
347.0
342.0
325.0
329.0
345.0
338.0
324.0
331.0
344.0
332.0
318.0
325.0
337.0
326.0
319.0
331.0
337.0
319.0
317.0
331.0
333.0
315.0
317.0
333.0
331.0
314.0
317.0
333.0
328.0
311.0
318.0
340.0
337.0
329.0
337.0
353.0
348.0
345.0
364.0
376.0
358.0
346.0
353.0
355.0
333.0
326.0
335.0
335.0
315.0
313.0
327.0
323.0
306.0
309.0
326.0
319.0
298.0
303.0
329.0
339.0
363.0
428.0
523.0
614.0
641.0
620.0
538.0
423.0
362.0
344.0
335.0
317.0
312.0
325.0
323.0
304.0
306.0
323.0
319.0
302.0
305.0
323.0
318.0
304.0
310.0
326.0
315.0
303.0
313.0
328.0
317.0
308.0
320.0
330.0
317.0
312.0
326.0
332.0
318.0
316.0
334.0
335.0
318.0
319.0
335.0
331.0
314.0
317.0
334.0
325.0
311.0
313.0
332.0
321.0
308.0
317.0
327.0
314.0
303.0
312.0
317.0
300.0
297.0
310.0
312.0
295.0
296.0
312.0
311.0
297.0
299.0
317.0
312.0
299.0
304.0
320.0
311.0
298.0
307.0
321.0
311.0
301.0
310.0
320.0
306.0
298.0
311.0
316.0
301.0
299.0
313.0
311.0
293.0
295.0
310.0
308.0
291.0
296.0
311.0
304.0
286.0
293.0
309.0
301.0
288.0
294.0
307.0
295.0
287.0
299.0
308.0
292.0
288.0
302.0
306.0
292.0
296.0
318.0
322.0
309.0
312.0
336.0
342.0
331.0
334.0
346.0
335.0
319.0
320.0
326.0
307.0
294.0
300.0
308.0
293.0
284.0
297.0
303.0
286.0
285.0
301.0
299.0
283.0
294.0
331.0
369.0
415.0
504.0
614.0
630.0
557.0
468.0
394.0
342.0
306.0
305.0
315.0
302.0
292.0
300.0
306.0
294.0
288.0
299.0
306.0
293.0
290.0
307.0
311.0
295.0
297.0
313.0
312.0
299.0
303.0
319.0
314.0
300.0
307.0
327.0
319.0
309.0
318.0
329.0
317.0
313.0
327.0
335.0
321.0
315.0
329.0
333.0
316.0
313.0
328.0
330.0
314.0
315.0
330.0
324.0
309.0
314.0
326.0
318.0
304.0
310.0
320.0
309.0
299.0
308.0
319.0
308.0
303.0
314.0
323.0
308.0
306.0
320.0
326.0
311.0
311.0
326.0
327.0
309.0
312.0
330.0
327.0
313.0
318.0
333.0
325.0
310.0
315.0
329.0
317.0
309.0
319.0
328.0
314.0
307.0
316.0
322.0
307.0
304.0
317.0
318.0
304.0
303.0
318.0
316.0
300.0
305.0
322.0
314.0
297.0
302.0
319.0
309.0
297.0
304.0
317.0
306.0
299.0
316.0
330.0
320.0
318.0
331.0
340.0
336.0
342.0
354.0
351.0
332.0
328.0
340.0
329.0
304.0
303.0
318.0
309.0
292.0
298.0
313.0
302.0
291.0
298.0
308.0
294.0
284.0
304.0
335.0
362.0
416.0
512.0
605.0
607.0
552.0
477.0
390.0
331.0
311.0
315.0
306.0
291.0
297.0
308.0
300.0
288.0
294.0
305.0
293.0
283.0
295.0
305.0
293.0
287.0
301.0
305.0
293.0
292.0
306.0
310.0
298.0
299.0
317.0
313.0
296.0
300.0
318.0
313.0
301.0
306.0
322.0
313.0
299.0
306.0
320.0
308.0
294.0
305.0
312.0
300.0
297.0
309.0
