406.0
406.0
382.0
385.0
404.0
387.0
353.0
351.0
364.0
348.0
326.0
334.0
351.0
335.0
318.0
331.0
346.0
326.0
315.0
329.0
340.0
333.0
362.0
440.0
521.0
610.0
645.0
646.0
632.0
498.0
416.0
393.0
361.0
333.0
337.0
352.0
335.0
315.0
326.0
342.0
325.0
314.0
329.0
342.0
323.0
317.0
337.0
345.0
324.0
321.0
345.0
346.0
325.0
328.0
353.0
348.0
328.0
333.0
356.0
346.0
331.0
342.0
358.0
347.0
334.0
347.0
362.0
344.0
334.0
349.0
359.0
337.0
333.0
353.0
355.0
332.0
331.0
350.0
346.0
322.0
323.0
344.0
335.0
313.0
320.0
342.0
330.0
309.0
319.0
337.0
322.0
310.0
325.0
337.0
321.0
313.0
332.0
342.0
321.0
319.0
340.0
342.0
319.0
322.0
343.0
341.0
319.0
322.0
344.0
334.0
314.0
321.0
343.0
329.0
312.0
324.0
341.0
323.0
310.0
328.0
339.0
318.0
309.0
325.0
330.0
310.0
307.0
329.0
327.0
306.0
310.0
333.0
331.0
317.0
327.0
353.0
344.0
331.0
348.0
376.0
365.0
351.0
361.0
371.0
346.0
327.0
334.0
337.0
312.0
301.0
319.0
321.0
298.0
296.0
317.0
312.0
290.0
294.0
315.0
304.0
287.0
309.0
364.0
412.0
475.0
598.0
645.0
643.0
562.0
460.0
393.0
339.0
316.0
325.0
327.0
303.0
297.0
316.0
315.0
291.0
291.0
317.0
312.0
289.0
296.0
320.0
312.0
294.0
304.0
322.0
311.0
295.0
306.0
326.0
310.0
299.0
315.0
328.0
311.0
307.0
328.0
334.0
313.0
312.0
335.0
337.0
314.0
315.0
337.0
334.0
312.0
318.0
336.0
326.0
311.0
319.0
334.0
319.0
303.0
314.0
326.0
306.0
295.0
310.0
315.0
291.0
288.0
308.0
310.0
289.0
290.0
312.0
310.0
289.0
294.0
315.0
306.0
289.0
300.0
321.0
309.0
293.0
303.0
322.0
308.0
296.0
310.0
323.0
303.0
296.0
315.0
320.0
299.0
296.0
315.0
312.0
293.0
296.0
315.0
307.0
288.0
294.0
315.0
305.0
286.0
296.0
312.0
297.0
281.0
295.0
310.0
293.0
285.0
302.0
312.0
292.0
285.0
305.0
310.0
287.0
286.0
307.0
304.0
284.0
290.0
312.0
306.0
283.0
288.0
314.0
304.0
285.0
294.0
312.0
297.0
285.0
301.0
314.0
294.0
285.0
304.0
311.0
292.0
290.0
307.0
309.0
288.0
290.0
312.0
311.0
290.0
295.0
318.0
309.0
289.0
298.0
320.0
308.0
293.0
305.0
318.0
302.0
293.0
308.0
320.0
300.0
294.0
314.0
321.0
301.0
299.0
320.0
320.0
299.0
303.0
325.0
317.0
297.0
305.0
326.0
317.0
299.0
311.0
329.0
314.0
299.0
314.0
331.0
314.0
305.0
323.0
330.0
309.0
309.0
329.0
332.0
311.0
311.0
331.0
328.0
308.0
313.0
336.0
329.0
311.0
321.0
351.0
342.0
326.0
341.0
365.0
354.0
341.0
353.0
365.0
345.0
332.0
349.0
354.0
328.0
321.0
336.0
339.0
317.0
319.0
339.0
334.0
312.0
314.0
342.0
343.0
342.0
385.0
463.0
531.0
616.0
644.0
640.0
542.0
427.0
380.0
371.0
345.0
334.0
350.0
353.0
330.0
325.0
347.0
347.0
325.0
326.0
352.0
348.0
324.0
329.0
355.0
346.0
326.0
336.0
355.0
340.0
329.0
345.0
361.0
345.0
336.0
354.0
367.0
348.0
345.0
367.0
370.0
351.0
353.0
376.0
375.0
356.0
361.0
384.0
377.0
357.0
362.0
383.0
370.0
355.0
366.0
380.0
364.0
352.0
363.0
373.0
354.0
345.0
358.0
361.0
339.0
337.0
356.0
354.0
333.0
334.0
353.0
351.0
331.0
338.0
359.0
350.0
329.0
337.0
360.0
351.0
335.0
345.0
360.0
345.0
337.0
353.0
363.0
345.0
338.0
356.0
362.0
339.0
337.0
358.0
358.0
337.0
339.0
359.0
352.0
332.0
339.0
360.0
348.0
328.0
336.0
357.0
345.0
329.0
340.0
357.0
341.0
329.0
345.0
357.0
335.0
330.0
350.0
352.0
331.0
332.0
353.0
349.0
329.0
334.0
358.0
352.0
331.0
336.0
358.0
346.0
331.0
339.0
357.0
340.0
330.0
342.0
353.0
334.0
326.0
344.0
354.0
333.0
328.0
346.0
346.0
326.0
329.0
350.0
344.0
326.0
332.0
354.0
345.0
323.0
331.0
352.0
339.0
324.0
333.0
347.0
331.0
319.0
336.0
347.0
326.0
318.0
337.0
344.0
323.0
322.0
351.0
355.0
332.0
333.0
362.0
363.0
347.0
356.0
375.0
360.0
335.0
339.0
355.0
334.0
314.0
323.0
331.0
311.0
303.0
318.0
322.0
303.0
300.0
320.0
320.0
299.0
310.0
357.0
393.0
426.0
512.0
619.0
627.0
550.0
471.0
408.0
349.0
309.0
311.0
325.0
307.0
294.0
307.0
315.0
296.0
287.0
306.0
316.0
295.0
293.0
314.0
314.0
293.0
297.0
318.0
314.0
293.0
302.0
325.0
312.0
295.0
308.0
329.0
316.0
300.0
313.0
335.0
316.0
303.0
323.0
336.0
315.0
308.0
330.0
334.0
309.0
305.0
331.0
328.0
305.0
307.0
328.0
318.0
294.0
300.0
320.0
304.0
284.0
292.0
304.0
288.0
272.0
284.0
299.0
282.0
270.0
285.0
291.0
272.0
271.0
291.0
291.0
269.0
270.0
294.0
292.0
270.0
275.0
300.0
294.0
271.0
274.0
296.0
285.0
269.0
281.0
295.0
278.0
269.0
283.0
295.0
275.0
267.0
286.0
291.0
270.0
268.0
288.0
286.0
264.0
266.0
291.0
286.0
262.0
267.0
292.0
281.0
258.0
266.0
288.0
276.0
262.0
274.0
289.0
271.0
264.0
280.0
288.0
268.0
264.0
281.0
283.0
263.0
265.0
289.0
285.0
263.0
270.0
296.0
292.0
278.0
286.0
309.0
305.0
297.0
315.0
336.0
318.0
299.0
310.0
314.0
289.0
279.0
292.0
293.0
271.0
267.0
292.0
294.0
269.0
268.0
293.0
286.0
263.0
277.0
321.0
346.0
372.0
444.0
563.0
599.0
559.0
498.0
429.0
348.0
301.0
299.0
300.0
280.0
277.0
295.0
299.0
277.0
277.0
300.0
299.0
276.0
279.0
305.0
300.0
279.0
284.0
307.0
297.0
279.0
292.0
315.0
301.0
288.0
303.0
316.0
301.0
295.0
314.0
323.0
303.0
301.0
325.0
330.0
309.0
309.0
331.0
327.0
306.0
310.0
332.0
324.0
304.0
311.0
336.0
323.0
302.0
310.0
328.0
312.0
296.0
309.0
318.0
298.0
291.0
309.0
315.0
294.0
291.0
311.0
313.0
292.0
293.0
319.0
316.0
295.0
303.0
323.0
316.0
298.0
309.0
328.0
316.0
299.0
311.0
329.0
316.0
304.0
318.0
330.0
311.0
307.0
327.0
330.0
309.0
309.0
329.0
326.0
304.0
308.0
331.0
324.0
303.0
309.0
332.0
323.0
305.0
314.0
333.0
316.0
306.0
320.0
334.0
315.0
304.0
321.0
329.0
310.0
308.0
330.0
332.0
310.0
310.0
334.0
330.0
310.0
316.0
338.0
332.0
320.0
335.0
360.0
349.0
332.0
350.0
383.0
373.0
357.0
369.0
374.0
350.0
339.0
352.0
351.0
322.0
320.0
342.0
343.0
319.0
318.0
343.0
338.0
314.0
317.0
339.0
338.0
343.0
393.0
475.0
552.0
640.0
645.0
644.0
558.0
442.0
399.0
380.0
347.0
335.0
351.0
352.0
329.0
325.0
345.0
346.0
322.0
324.0
348.0
345.0
326.0
334.0
359.0
348.0
330.0
341.0
361.0
348.0
336.0
351.0
365.0
348.0
342.0
363.0
376.0
355.0
351.0
375.0
381.0
361.0
364.0
386.0
384.0
361.0
368.0
391.0
383.0
362.0
368.0
393.0
379.0
358.0
367.0
382.0
364.0
349.0
362.0
373.0
350.0
340.0
358.0
366.0
343.0
337.0
357.0
356.0
335.0
337.0
359.0
354.0
332.0
339.0
364.0
357.0
337.0
345.0
369.0
357.0
344.0
356.0
370.0
353.0
343.0
359.0
370.0
351.0
345.0
364.0
368.0
344.0
344.0
366.0
363.0
340.0
