314.0
299.0
299.0
314.0
312.0
293.0
294.0
310.0
305.0
288.0
292.0
308.0
300.0
285.0
293.0
308.0
299.0
289.0
300.0
316.0
304.0
294.0
304.0
314.0
300.0
296.0
310.0
317.0
301.0
298.0
315.0
313.0
297.0
300.0
316.0
316.0
298.0
297.0
313.0
307.0
293.0
299.0
314.0
303.0
288.0
299.0
314.0
298.0
291.0
304.0
310.0
294.0
290.0
305.0
307.0
290.0
292.0
307.0
308.0
295.0
302.0
321.0
318.0
308.0
318.0
338.0
339.0
333.0
340.0
353.0
338.0
322.0
332.0
335.0
311.0
298.0
306.0
309.0
291.0
289.0
303.0
304.0
286.0
287.0
307.0
304.0
287.0
298.0
332.0
360.0
395.0
468.0
583.0
618.0
582.0
519.0
439.0
368.0
326.0
321.0
323.0
305.0
305.0
318.0
318.0
300.0
298.0
308.0
308.0
293.0
293.0
312.0
312.0
295.0
299.0
322.0
315.0
301.0
320.0
322.0
313.0
305.0
316.0
324.0
313.0
308.0
320.0
330.0
316.0
313.0
326.0
328.0
312.0
312.0
326.0
322.0
303.0
307.0
324.0
318.0
303.0
308.0
325.0
319.0
306.0
313.0
331.0
318.0
308.0
317.0
325.0
311.0
304.0
317.0
322.0
307.0
304.0
319.0
319.0
306.0
311.0
325.0
324.0
310.0
315.0
332.0
322.0
308.0
315.0
331.0
323.0
310.0
320.0
332.0
320.0
313.0
325.0
335.0
318.0
313.0
325.0
329.0
314.0
313.0
329.0
331.0
313.0
314.0
330.0
325.0
310.0
314.0
331.0
323.0
308.0
315.0
329.0
318.0
313.0
333.0
348.0
337.0
330.0
352.0
368.0
359.0
358.0
369.0
367.0
346.0
341.0
348.0
342.0
320.0
319.0
333.0
324.0
310.0
316.0
330.0
318.0
305.0
314.0
328.0
316.0
313.0
339.0
383.0
415.0
475.0
591.0
642.0
624.0
550.0
473.0
408.0
354.0
332.0
339.0
335.0
319.0
322.0
336.0
327.0
312.0
319.0
335.0
326.0
315.0
325.0
338.0
327.0
319.0
332.0
340.0
326.0
326.0
340.0
344.0
330.0
329.0
345.0
346.0
332.0
335.0
355.0
349.0
334.0
337.0
355.0
346.0
332.0
338.0
352.0
342.0
327.0
334.0
348.0
337.0
329.0
340.0
353.0
339.0
336.0
346.0
348.0
333.0
332.0
348.0
346.0
328.0
331.0
347.0
341.0
327.0
333.0
351.0
342.0
328.0
338.0
353.0
342.0
331.0
343.0
355.0
342.0
333.0
347.0
356.0
340.0
335.0
350.0
353.0
336.0
336.0
352.0
350.0
334.0
335.0
352.0
346.0
328.0
334.0
352.0
342.0
327.0
336.0
351.0
339.0
331.0
339.0
350.0
335.0
327.0
340.0
348.0
332.0
330.0
347.0
351.0
341.0
349.0
367.0
365.0
358.0
375.0
398.0
389.0
370.0
370.0
383.0
365.0
342.0
344.0
353.0
336.0
325.0
336.0
346.0
328.0
323.0
336.0
340.0
324.0
320.0
333.0
339.0
343.0
386.0
464.0
543.0
634.0
645.0
644.0
582.0
458.0
399.0
377.0
353.0
337.0
342.0
350.0
338.0
328.0
337.0
345.0
330.0
326.0
339.0
342.0
326.0
326.0
342.0
342.0
328.0
333.0
349.0
342.0
329.0
337.0
354.0
348.0
336.0
343.0
358.0
348.0
341.0
351.0
362.0
349.0
343.0
354.0
360.0
344.0
338.0
353.0
357.0
339.0
338.0
354.0
352.0
335.0
338.0
353.0
347.0
332.0
337.0
350.0
339.0
326.0
332.0
340.0
326.0
319.0
331.0
339.0
325.0
319.0
333.0
340.0
322.0
322.0
337.0
337.0
323.0
324.0
340.0
336.0
321.0
326.0
343.0
336.0
320.0
325.0
341.0
329.0
319.0
326.0
336.0
325.0
316.0
325.0
333.0
317.0
312.0
323.0
327.0
311.0
309.0
325.0
323.0
306.0
310.0
324.0
318.0
302.0
308.0
323.0
315.0
301.0
310.0
330.0
324.0
316.0
325.0
341.0
337.0
339.0
355.0
357.0
338.0
332.0
341.0
335.0
312.0
308.0
317.0
311.0
294.0
295.0
310.0
303.0
288.0
292.0
306.0
296.0
281.0
284.0
313.0
331.0
373.0
451.0
557.0
631.0
633.0
576.0
478.0
375.0
333.0
326.0
317.0
297.0
296.0
308.0
302.0
285.0
288.0
303.0
298.0
283.0
290.0
305.0
296.0
285.0
296.0
306.0
295.0
286.0
300.0
310.0
297.0
293.0
306.0
310.0
297.0
298.0
315.0
315.0
300.0
304.0
323.0
318.0
302.0
307.0
323.0
314.0
298.0
304.0
317.0
308.0
297.0
306.0
315.0
301.0
295.0
307.0
312.0
295.0
289.0
304.0
306.0
287.0
285.0
300.0
299.0
283.0
287.0
304.0
297.0
282.0
290.0
307.0
299.0
285.0
294.0
306.0
297.0
289.0
301.0
308.0
295.0
290.0
304.0
312.0
296.0
294.0
309.0
310.0
292.0
292.0
309.0
305.0
288.0
292.0
308.0
300.0
286.0
292.0
308.0
299.0
284.0
290.0
305.0
293.0
283.0
289.0
301.0
289.0
284.0
297.0
303.0
288.0
286.0
301.0
303.0
293.0
301.0
322.0
319.0
305.0
318.0
342.0
342.0
328.0
331.0
339.0
324.0
310.0
314.0
317.0
297.0
288.0
299.0
305.0
289.0
284.0
298.0
301.0
284.0
284.0
296.0
292.0
286.0
312.0
367.0
425.0
491.0
599.0
641.0
596.0
485.0
396.0
359.0
323.0
301.0
309.0
316.0
300.0
293.0
303.0
308.0
294.0
293.0
308.0
310.0
293.0
297.0
313.0
312.0
298.0
305.0
319.0
313.0
301.0
309.0
325.0
317.0
307.0
318.0
331.0
319.0
310.0
323.0
336.0
324.0
319.0
330.0
333.0
319.0
318.0
331.0
331.0
315.0
315.0
329.0
329.0
314.0
317.0
335.0
327.0
314.0
321.0
332.0
321.0
309.0
316.0
324.0
310.0
303.0
314.0
323.0
310.0
307.0
323.0
328.0
312.0
311.0
327.0
326.0
314.0
318.0
334.0
329.0
314.0
319.0
336.0
330.0
317.0
321.0
334.0
323.0
313.0
322.0
331.0
318.0
310.0
321.0
326.0
311.0
307.0
321.0
323.0
306.0
306.0
319.0
317.0
302.0
306.0
320.0
314.0
301.0
307.0
321.0
311.0
297.0
306.0
318.0
307.0
295.0
303.0
314.0
303.0
297.0
310.0
317.0
306.0
310.0
329.0
332.0
317.0
324.0
350.0
352.0
336.0
338.0
348.0
339.0
317.0
316.0
324.0
310.0
293.0
300.0
313.0
300.0
291.0
302.0
308.0
294.0
288.0
298.0
304.0
302.0
326.0
385.0
443.0
515.0
604.0
631.0
564.0
460.0
382.0
353.0
321.0
299.0
305.0
317.0
307.0
294.0
301.0
313.0
301.0
293.0
303.0
310.0
296.0
294.0
311.0
315.0
299.0
301.0
318.0
316.0
300.0
306.0
323.0
318.0
303.0
313.0
330.0
319.0
308.0
319.0
334.0
325.0
313.0
320.0
333.0
318.0
310.0
321.0
323.0
308.0
306.0
318.0
325.0
311.0
313.0
330.0
329.0
312.0
315.0
329.0
321.0
306.0
311.0
327.0
315.0
299.0
312.0
329.0
318.0
306.0
316.0
326.0
313.0
308.0
324.0
331.0
315.0
312.0
328.0
330.0
313.0
316.0
334.0
331.0
316.0
321.0
335.0
326.0
313.0
320.0
335.0
324.0
312.0
323.0
336.0
319.0
310.0
321.0
329.0
315.0
310.0
325.0
328.0
314.0
313.0
329.0
332.0
313.0
313.0
330.0
328.0
316.0
328.0
349.0
346.0
327.0
338.0
365.0
368.0
358.0
363.0
373.0
355.0
344.0
351.0
351.0
330.0
319.0
331.0
334.0
317.0
316.0
328.0
322.0
308.0
316.0
332.0
323.0
313.0
328.0
364.0
391.0
431.0
517.0
624.0
637.0
587.0
518.0
443.0
379.0
342.0
337.0
335.0
319.0
318.0
336.0
335.0
318.0
318.0
333.0
331.0
317.0
323.0
343.0
334.0
319.0
327.0
342.0
335.0
326.0
335.0
346.0
335.0
331.0
342.0
352.0
337.0
334.0
348.0
351.0
337.0
336.0
351.0
351.0
331.0
333.0
350.0
344.0
327.0
330.0
344.0
339.0
328.0
334.0
348.0
339.0
332.0
