328.0
308.0
307.0
328.0
329.0
308.0
311.0
335.0
328.0
307.0
316.0
339.0
328.0
310.0
321.0
339.0
325.0
315.0
334.0
352.0
341.0
336.0
353.0
368.0
358.0
362.0
380.0
382.0
358.0
355.0
372.0
364.0
337.0
336.0
356.0
345.0
324.0
331.0
349.0
337.0
324.0
331.0
345.0
330.0
321.0
346.0
383.0
410.0
469.0
576.0
644.0
644.0
608.0
529.0
444.0
378.0
355.0
371.0
366.0
343.0
344.0
360.0
350.0
334.0
345.0
363.0
351.0
335.0
348.0
367.0
354.0
343.0
358.0
372.0
354.0
348.0
366.0
374.0
354.0
352.0
373.0
375.0
358.0
363.0
386.0
380.0
362.0
370.0
389.0
379.0
365.0
376.0
391.0
375.0
362.0
375.0
386.0
369.0
361.0
378.0
385.0
366.0
363.0
380.0
380.0
359.0
357.0
377.0
371.0
351.0
356.0
375.0
367.0
349.0
357.0
376.0
365.0
352.0
363.0
378.0
365.0
356.0
371.0
382.0
363.0
356.0
373.0
379.0
359.0
359.0
380.0
379.0
357.0
357.0
377.0
373.0
352.0
358.0
376.0
366.0
346.0
356.0
374.0
360.0
346.0
357.0
371.0
355.0
345.0
360.0
367.0
346.0
343.0
361.0
363.0
341.0
341.0
362.0
360.0
340.0
344.0
363.0
355.0
335.0
343.0
363.0
351.0
334.0
344.0
361.0
345.0
333.0
347.0
359.0
342.0
338.0
360.0
373.0
355.0
353.0
377.0
388.0
375.0
375.0
393.0
384.0
360.0
357.0
371.0
356.0
331.0
336.0
355.0
342.0
323.0
331.0
349.0
334.0
319.0
329.0
340.0
321.0
323.0
364.0
411.0
451.0
536.0
642.0
645.0
602.0
503.0
435.0
382.0
336.0
330.0
349.0
337.0
317.0
321.0
341.0
327.0
310.0
321.0
335.0
317.0
310.0
326.0
334.0
315.0
311.0
330.0
334.0
314.0
316.0
335.0
333.0
314.0
317.0
338.0
332.0
316.0
331.0
348.0
336.0
318.0
329.0
348.0
331.0
318.0
331.0
342.0
320.0
311.0
328.0
335.0
315.0
312.0
331.0
331.0
310.0
311.0
331.0
326.0
303.0
306.0
328.0
318.0
295.0
301.0
321.0
308.0
291.0
302.0
323.0
310.0
296.0
309.0
323.0
305.0
297.0
315.0
323.0
303.0
300.0
319.0
318.0
297.0
299.0
319.0
313.0
292.0
298.0
320.0
309.0
289.0
298.0
319.0
304.0
287.0
297.0
313.0
296.0
284.0
302.0
312.0
292.0
288.0
305.0
307.0
286.0
286.0
309.0
307.0
282.0
283.0
308.0
301.0
282.0
287.0
309.0
299.0
279.0
289.0
310.0
295.0
284.0
302.0
318.0
305.0
301.0
321.0
334.0
323.0
325.0
342.0
341.0
318.0
315.0
330.0
318.0
292.0
293.0
310.0
299.0
279.0
283.0
305.0
292.0
274.0
283.0
300.0
283.0
273.0
302.0
340.0
367.0
430.0
546.0
630.0
604.0
525.0
447.0
375.0
317.0
300.0
316.0
307.0
285.0
290.0
307.0
294.0
277.0
288.0
306.0
291.0
280.0
291.0
306.0
292.0
285.0
302.0
312.0
292.0
288.0
308.0
313.0
294.0
295.0
316.0
315.0
296.0
301.0
324.0
317.0
298.0
306.0
326.0
315.0
298.0
306.0
324.0
309.0
294.0
308.0
318.0
301.0
295.0
313.0
319.0
299.0
295.0
314.0
315.0
294.0
294.0
314.0
307.0
286.0
293.0
312.0
302.0
283.0
292.0
314.0
303.0
286.0
301.0
317.0
301.0
293.0
308.0
317.0
301.0
295.0
312.0
317.0
297.0
294.0
318.0
317.0
295.0
297.0
317.0
308.0
290.0
297.0
316.0
304.0
288.0
297.0
312.0
297.0
286.0
299.0
309.0
292.0
286.0
303.0
309.0
289.0
288.0
308.0
309.0
288.0
288.0
308.0
304.0
285.0
290.0
312.0
306.0
293.0
306.0
329.0
318.0
308.0
327.0
351.0
340.0
329.0
339.0
345.0
322.0
310.0
320.0
316.0
292.0
291.0
311.0
309.0
288.0
290.0
310.0
304.0
283.0
291.0
313.0
304.0
296.0
331.0
397.0
450.0
531.0
626.0
637.0
554.0
447.0
387.0
359.0
318.0
303.0
322.0
326.0
303.0
299.0
318.0
315.0
294.0
296.0
319.0
316.0
297.0
306.0
329.0
317.0
302.0
311.0
329.0
318.0
308.0
321.0
334.0
317.0
307.0
328.0
340.0
321.0
319.0
338.0
338.0
319.0
322.0
341.0
338.0
316.0
319.0
345.0
337.0
315.0
322.0
343.0
330.0
316.0
329.0
344.0
328.0
317.0
332.0
342.0
323.0
314.0
331.0
337.0
317.0
315.0
338.0
337.0
315.0
319.0
341.0
335.0
316.0
320.0
346.0
339.0
319.0
327.0
347.0
335.0
324.0
334.0
344.0
328.0
320.0
335.0
345.0
324.0
321.0
341.0
342.0
318.0
316.0
339.0
337.0
314.0
314.0
338.0
331.0
311.0
318.0
336.0
325.0
307.0
322.0
341.0
328.0
320.0
340.0
354.0
338.0
340.0
367.0
379.0
361.0
355.0
368.0
360.0
335.0
327.0
342.0
332.0
305.0
307.0
327.0
315.0
294.0
301.0
317.0
302.0
289.0
301.0
312.0
293.0
293.0
327.0
371.0
404.0
472.0
583.0
613.0
551.0
473.0
410.0
360.0
305.0
291.0
308.0
302.0
279.0
278.0
302.0
293.0
275.0
284.0
304.0
293.0
279.0
288.0
302.0
286.0
276.0
292.0
303.0
284.0
282.0
304.0
302.0
279.0
280.0
306.0
307.0
283.0
285.0
310.0
302.0
283.0
291.0
311.0
295.0
275.0
283.0
299.0
283.0
270.0
282.0
297.0
278.0
273.0
294.0
299.0
277.0
276.0
298.0
302.0
272.0
272.0
298.0
290.0
261.0
269.0
293.0
281.0
267.0
278.0
294.0
280.0
263.0
275.0
296.0
282.0
273.0
290.0
300.0
277.0
270.0
292.0
300.0
278.0
273.0
295.0
298.0
273.0
275.0
301.0
293.0
269.0
276.0
297.0
287.0
271.0
282.0
300.0
283.0
271.0
290.0
307.0
292.0
290.0
308.0
318.0
309.0
318.0
343.0
349.0
326.0
323.0
343.0
330.0
298.0
297.0
315.0
301.0
278.0
282.0
302.0
289.0
266.0
276.0
303.0
287.0
271.0
285.0
299.0
288.0
309.0
367.0
423.0
483.0
579.0
618.0
566.0
466.0
390.0
364.0
323.0
284.0
287.0
307.0
294.0
278.0
288.0
304.0
295.0
277.0
287.0
304.0
290.0
284.0
301.0
312.0
294.0
291.0
311.0
315.0
292.0
295.0
319.0
315.0
294.0
300.0
323.0
316.0
298.0
306.0
329.0
320.0
301.0
309.0
325.0
310.0
295.0
309.0
325.0
304.0
295.0
317.0
326.0
305.0
303.0
325.0
325.0
303.0
305.0
326.0
321.0
299.0
306.0
332.0
321.0
299.0
310.0
330.0
315.0
302.0
317.0
333.0
317.0
307.0
322.0
334.0
315.0
306.0
328.0
337.0
317.0
317.0
336.0
332.0
313.0
318.0
338.0
331.0
311.0
321.0
340.0
328.0
307.0
317.0
339.0
326.0
310.0
323.0
340.0
326.0
322.0
345.0
356.0
340.0
346.0
376.0
384.0
365.0
367.0
390.0
385.0
360.0
353.0
366.0
349.0
322.0
324.0
343.0
328.0
308.0
318.0
336.0
320.0
306.0
321.0
332.0
313.0
314.0
350.0
394.0
423.0
493.0
621.0
645.0
637.0
562.0
484.0
410.0
350.0
334.0
350.0
337.0
315.0
321.0
341.0
326.0
307.0
319.0
338.0
324.0
313.0
331.0
342.0
321.0
319.0
339.0
343.0
324.0
326.0
348.0
346.0
326.0
330.0
357.0
352.0
330.0
337.0
363.0
351.0
333.0
339.0
361.0
348.0
332.0
345.0
359.0
340.0
328.0
346.0
358.0
338.0
335.0
355.0
356.0
335.0
336.0
357.0
352.0
329.0
332.0
356.0
347.0
325.0
333.0
354.0
341.0
327.0
342.0
357.0
342.0
330.0
346.0
360.0
340.0
335.0
354.0
362.0
343.0
340.0
362.0
360.0
338.0
342.0
367.0
361.0
338.0
343.0
362.0
352.0
333.0
341.0
363.0
348.0
334.0
346.0
358.0
341.0
335.0
355.0
367.0
351.0
351.0
374.0
387.0
378.0
382.0
